matrix representation:

[1, 0, 0, 0, 0,  0, 0, 0,  0,  0, -3,  0,  1] | -21
[0, 1, 0, 0, 0,  0, 0, 0,  2,  0, -1, -1,  0] | 10
[0, 0, 1, 0, 0,  0, 0, 0, -2,  0,  1,  1,  0] | 14
[0, 0, 0, 1, 0,  0, 0, 0,  1,  0,  0,  0,  0] | 28
[0, 0, 0, 0, 1,  0, 0, 0,  1,  0,  0, -1,  0] | 15
[0, 0, 0, 0, 0, -1, 0, 0,  2,  0, -1, -2,  0] | -44
[0, 0, 0, 0, 0,  0, 1, 0,  0,  0,  0,  0,  0] | 5
[0, 0, 0, 0, 0,  0, 0, 1,  0,  0,  2,  0, -1] | 26
[0, 0, 0, 0, 0,  0, 0, 0,  3,  0, -2, -2,  0] | -30
[0, 0, 0, 0, 0,  0, 0, 0,  0, -1,  1,  0, -1] | -12

[0, 0, 0, 0, 0,  0, 0, 0,  0,  0,  0,  1,  0],
[0, 0, 0, 0, 0,  0, 0, 0,  1,  0,  0,  0,  0],
[0, 0, 0, 0, 0,  0, 0, 0,  0,  0,  1,  0,  0]

Best vars:
[0,24, 0,26,31, 12, 5, 0,  2,  0,  0, 18,  0]

[0 24 0 26 24 19 5 12 2 19 7 11 0]

values:
[28, 10, 5, -21, 15, -44, 14, 26, -30, -12]

pivot on buttons: [1, 8, 10, 11]
Max pushes of each button: [24, 28, 62, 78]


[1, 0, 0, 0, 0,  0, 0, 0,  0,  0,  0,  0,  1] | -21
[0, 1, 0, 0, 0,  0, 0, 0,  0,  0,  0, -1,  0] | 10
[0, 0, 1, 0, 0,  0, 0, 0,  0,  0,  0,  1,  0] | 14
[0, 0, 0, 1, 0,  0, 0, 0,  0,  0,  0,  0,  0] | 28
[0, 0, 0, 0, 1,  0, 0, 0,  0,  0,  0, -1,  0] | 15
[0, 0, 0, 0, 0, -1, 0, 0,  0,  0,  0, -2,  0] | -44
[0, 0, 0, 0, 0,  0, 1, 0,  0,  0,  0,  0,  0] | 5
[0, 0, 0, 0, 0,  0, 0, 1,  0,  0,  0,  0, -1] | 26
[0, 0, 0, 0, 0,  0, 0, 0,  1,  0,  0,  0,  0],
[0, 0, 0, 0, 0,  0, 0, 0,  0, -1,  0,  0, -1] | -12
[0, 0, 0, 0, 0,  0, 0, 0,  0,  0,  1,  0,  0]
[0, 0, 0, 0, 0,  0, 0, 0,  0,  0,  0,  1,  0],

[0, 0, 0, 0, 0,  0, 0, 0,  0,  0, 0, -2,  0] | -30

[0, 0, 0, 0, 0, 1, 0, 9, 4]
[0, 1, 0, 0, 0, 0, 0, -1, -1]
[1, 0, 0, 0, 0, 0, 0, -7, -3]
[0, 0, 1, 0, 0, 0, 0, 6, 2]
[0, 0, 0, 1, 0, 0, 0, 6, 2]
[0, 0, 0, 0, 0, 0, 1, 10, 4]
[0, 0, 0, 0, 1, 0, 0, 15, 6]
[0, 0, 0, 0, 0, 0, 0, -18, -7]

[79, -13, -57, 48, 45, 100, 129, -141]

[ 2.  4.  6.  3.  9.  1. 20.  2. 15.]



[0, 0, 0, 0, 1, 1, 0, 1, 1, 0, 1]
[0, 0, 0, 0, 1, 0, 0, 1, 0, 1, 1]
[0, 0, 0, 1, 1, 1, 0, 1, 0, 1, 1]
[0, 0, 1, 1, 1, 0, 0, 0, 0, 1, 1]
[0, 0, 0, 1, 1, 1, 1, 1, 1, 1, 1]
[0, 0, 1, 1, 1, 0, 1, 1, 0, 1, 0]
[0, 0, 1, 1, 1, 0, 0, 0, 0, 1, 0]
[1, 0, 0, 1, 0, 1, 1, 0, 0, 1, 0]
[0, 1, 0, 1, 1, 1, 1, 1, 0, 0, 1]

matrix representation:
[0, 0, 0, 0, 1, 0, 0, 0, 1, 1, 0]
[0, 0, 0, 0, 0, -1, 0, 0, -1, 1, 0]
[0, 0, 0, 1, 0, 0, 0, 0, -1, 1, 0]
[0, 0, 1, 0, 0, 0, 0, 0, 0, -1, 0]
[0, 0, 0, 0, 0, 0, 1, 0, 1, 0, 0]

[0, 0, 0, 0, 0, 0, 0, 1, -1, 0, 0]

[0, 0, 0, 0, 0, 0, 0, 0, 0, 0, -1]
[1, 0, 0, 0, 0, 0, 0, 0, -1, 1, 0]
[0, 1, 0, 0, 0, 0, 0, 0, -1, -1, 0]

[ 0.  0. 17. 16. 11. 10. 21.  5.  5. 21.  8.]

